*** Cache Matrix Multiplication ***

~ Same Dimention Matrices ~

3X3 * 3X3 Matrices dimensions: Matrix A 
7 9 3 
8 0 2 
4 8 3 

Matrix B 
9 0 5 
2 2 7 
3 7 9 

Result Matrix C 
90 39 125 
78 14 58 
61 37 103 


10X10 * 10X10 Matrices dimensions: Matrix A 
0 2 3 9 9 7 0 3 9 8 
6 5 7 6 2 7 0 3 9 9 
9 1 7 2 3 6 5 5 8 1 
4 7 1 3 8 4 8 0 4 6 
0 3 2 6 9 4 1 3 7 8 
8 3 8 1 5 3 5 4 3 6 
5 9 5 4 9 1 7 5 5 4 
1 8 8 3 5 2 2 6 6 7 
8 4 1 7 1 8 7 8 7 7 
4 4 9 1 5 5 5 8 2 9 

Matrix B 
8 2 0 7 4 8 5 8 3 0 
6 2 2 5 2 2 7 1 5 2 
1 1 0 1 8 7 6 0 0 9 
5 6 2 8 5 9 4 3 9 0 
5 6 3 6 3 0 8 4 0 4 
6 4 6 4 3 8 4 0 0 9 
3 7 5 7 2 9 7 5 6 5 
3 0 4 8 5 5 5 4 2 1 
9 2 4 5 8 6 2 5 1 3 
9 7 3 7 5 0 2 1 8 7 

Result Matrix C 
309 217 163 292 248 231 217 130 170 216 
338 186 145 294 279 286 226 145 184 237 
257 139 131 255 235 307 228 177 106 192 
268 211 142 270 167 208 243 146 174 185 
266 191 138 257 204 172 197 117 152 181 
246 161 112 253 215 242 238 152 137 205 
287 202 146 317 227 255 302 181 185 191 
257 157 128 258 237 207 239 116 156 209 
348 217 189 368 255 351 259 202 228 206 
263 183 147 287 242 249 263 135 161 256 


20X20 * 20X20 Matrices dimensions: Matrix A 
1 5 5 8 5 6 7 9 4 1 6 1 2 0 4 4 5 9 7 5 
3 9 0 5 5 6 3 2 6 8 9 1 4 8 8 7 1 9 3 1 
1 4 9 5 9 0 9 3 4 0 7 5 7 5 0 6 4 7 8 4 
0 0 6 2 4 7 4 1 8 5 8 9 9 9 3 3 7 7 3 2 
5 6 3 4 0 6 0 4 0 5 6 8 5 3 7 6 8 6 7 1 
8 4 9 7 3 1 0 2 3 7 1 8 9 3 7 4 8 0 4 0 
5 7 0 0 5 6 7 8 0 6 5 7 3 4 3 0 4 8 7 5 
9 5 3 2 7 3 9 7 7 9 5 3 3 3 8 5 8 9 6 0 
4 2 3 3 7 0 0 1 0 3 0 0 3 8 3 6 0 4 0 9 
2 4 9 2 9 1 0 9 3 0 0 3 0 1 9 8 6 9 0 1 
6 4 4 8 6 1 4 0 8 1 0 3 1 1 5 0 8 4 9 3 
0 5 2 3 8 7 8 0 4 5 7 1 0 6 0 3 3 5 0 2 
3 2 7 1 0 0 9 7 1 7 4 5 1 7 8 2 5 4 5 3 
0 1 9 4 5 9 3 9 6 6 4 0 8 2 0 6 0 7 2 9 
8 1 1 6 1 1 8 1 1 5 0 0 8 3 7 0 1 3 4 3 
7 7 5 1 2 6 6 5 4 1 7 1 3 4 8 6 1 5 0 6 
5 3 1 0 1 9 5 7 6 8 5 4 7 9 6 6 6 6 7 0 
4 1 0 8 1 4 8 8 4 5 7 9 8 4 5 8 8 9 4 7 
0 4 0 6 5 3 8 5 1 2 4 6 7 5 5 0 5 2 0 7 
7 9 7 5 3 9 9 4 9 1 5 9 8 3 0 9 0 7 6 8 

Matrix B 
3 8 6 1 9 6 7 8 9 7 5 5 2 4 9 4 4 7 9 5 
5 6 1 5 9 1 3 8 8 9 4 3 9 5 1 7 4 5 1 4 
6 0 3 2 2 1 4 7 7 0 9 5 7 2 9 7 6 8 2 9 
9 8 3 7 1 2 6 1 7 6 5 0 4 5 1 2 3 7 2 4 
1 8 2 6 0 3 9 4 9 6 5 1 3 2 6 9 0 0 3 9 
5 3 1 1 2 6 9 1 9 0 6 1 7 3 8 7 0 3 6 9 
1 4 1 4 6 1 0 2 4 0 4 3 1 7 9 4 7 0 1 1 
5 2 2 2 4 9 7 7 2 0 9 0 7 1 6 0 9 2 9 6 
0 2 8 4 4 8 0 1 5 1 1 1 5 1 7 0 8 5 3 7 
9 6 3 1 5 8 0 9 2 4 3 3 9 0 5 5 4 4 3 8 
2 2 6 4 0 0 0 8 1 7 6 7 1 4 8 1 8 5 3 1 
9 3 9 1 0 4 9 0 0 0 3 2 8 2 4 8 3 5 0 0 
6 7 0 7 3 3 2 1 4 0 0 8 7 3 8 4 5 2 9 0 
9 8 0 5 3 5 5 4 5 1 1 6 1 9 3 4 7 9 8 0 
7 5 8 4 2 5 0 7 0 7 6 8 2 3 9 0 3 8 3 1 
0 0 8 0 4 7 6 1 6 1 4 9 6 4 2 8 4 4 9 8 
1 0 3 7 4 3 4 8 1 2 8 3 9 9 9 6 1 7 3 9 
8 4 0 6 3 4 6 9 7 4 9 4 1 9 6 7 0 9 7 3 
1 5 6 4 5 1 2 8 8 0 7 7 9 6 0 1 2 3 2 1 
1 0 1 3 8 0 0 9 4 2 4 0 2 9 7 9 2 2 3 1 

Result Matrix C 
376 340 297 378 335 327 377 511 489 268 556 312 457 442 541 409 362 422 385 424 
475 456 342 380 349 408 354 518 494 374 452 424 441 430 528 426 394 506 449 404 
373 380 316 407 319 280 381 471 511 235 492 397 458 466 545 482 404 426 383 382 
468 369 342 382 265 377 380 429 418 199 436 397 484 429 610 460 400 490 417 391 
448 353 365 321 317 353 386 495 401 275 483 402 517 402 498 414 317 483 397 369 
458 391 370 327 308 353 365 437 401 262 418 382 528 326 522 403 344 477 368 406 
414 386 270 325 366 338 378 531 429 262 478 310 456 423 521 435 334 385 380 335 
459 471 418 411 438 482 417 630 530 356 585 440 542 472 691 471 447 532 489 520 
258 260 150 212 229 211 240 313 317 187 245 223 207 293 305 336 194 277 298 232 
335 253 292 282 236 339 385 429 376 241 481 290 379 307 469 391 272 409 358 435 
287 335 308 336 298 254 289 405 420 248 400 255 391 365 428 322 252 388 248 346 
282 294 184 274 228 243 275 331 373 223 326 226 292 327 410 367 269 299 262 336 
400 305 293 278 310 313 258 483 308 199 437 341 389 374 505 330 381 415 322 297 
388 301 239 309 314 373 360 447 480 175 464 295 457 354 560 452 376 369 450 458 
309 342 192 256 276 229 185 322 309 200 271 271 258 291 396 233 250 292 289 188 
347 318 300 285 354 327 308 466 424 287 433 354 352 382 554 389 375 417 404 349 
466 419 360 351 375 474 392 510 464 234 480 440 532 436 599 414 428 490 513 427 
508 418 408 424 395 445 439 540 461 277 552 426 537 536 660 502 452 524 515 411 
357 325 207 327 258 244 280 346 301 211 336 240 339 366 461 355 305 310 291 240 
475 444 421 399 476 428 490 519 653 282 545 434 594 517 668 601 488 515 511 478 


50X50 * 50X50 Matrices dimensions: Matrix A 
3 2 1 6 8 1 0 6 0 4 9 9 4 5 0 6 9 0 8 8 2 8 0 2 0 9 5 3 5 9 8 9 1 2 8 4 0 1 0 8 1 4 9 5 9 0 2 3 5 9 
0 1 3 6 9 0 4 0 2 4 4 1 9 0 2 1 5 4 9 0 2 0 3 8 2 1 6 8 3 2 9 7 3 4 8 6 1 1 5 6 9 8 0 2 2 6 7 6 1 2 
1 3 6 5 7 3 6 3 2 5 0 3 7 3 5 9 1 8 4 0 8 9 5 8 2 3 2 6 6 6 3 4 4 2 9 2 8 9 2 5 6 7 2 8 0 0 8 2 5 8 
0 3 2 3 3 2 1 9 1 6 3 9 1 7 9 6 6 6 4 4 4 5 7 6 7 7 0 2 1 1 4 3 7 4 4 3 0 7 9 9 9 4 4 1 2 9 4 7 3 0 
9 0 3 1 1 5 3 9 6 3 1 8 1 3 0 8 7 6 2 9 1 4 1 2 5 0 4 2 6 7 6 3 4 1 9 5 9 8 8 8 7 3 8 8 9 6 8 6 9 5 
9 6 8 6 9 4 7 6 8 1 3 8 0 8 1 1 8 7 6 1 8 8 3 5 6 8 8 9 9 3 7 2 3 8 3 5 1 5 4 2 2 9 1 5 8 8 0 4 0 8 
5 5 9 5 7 7 3 7 6 4 3 5 4 5 6 9 4 3 6 3 4 7 4 0 7 5 0 2 5 4 2 1 5 1 6 0 0 2 3 0 5 0 5 7 4 8 0 6 0 5 
9 2 8 3 7 6 2 9 8 5 9 2 5 5 9 1 1 4 4 2 6 3 6 9 1 0 4 5 8 2 1 6 0 8 4 7 8 1 7 0 4 6 9 5 3 2 9 4 1 6 
6 0 2 3 3 5 8 1 8 1 1 3 0 7 2 3 5 8 3 5 6 1 7 9 2 4 8 3 9 6 4 7 7 3 1 7 4 9 6 9 8 0 3 6 6 5 4 2 3 1 
2 1 2 5 6 4 8 0 1 0 5 4 2 6 7 9 5 9 1 0 8 9 9 7 9 6 9 0 5 7 2 2 0 1 5 0 5 6 4 5 2 3 0 6 4 7 1 1 8 5 
2 0 1 1 2 4 5 5 2 3 2 3 1 1 9 8 0 9 5 2 4 2 3 5 8 4 5 1 1 0 4 1 6 1 4 5 2 3 3 6 8 4 8 3 9 2 3 0 9 2 
7 2 2 7 9 3 0 9 0 1 5 8 2 5 0 2 8 3 9 9 3 0 1 5 2 7 3 9 6 4 9 2 3 5 9 7 2 4 2 4 6 7 5 9 2 6 2 9 6 9 
9 8 0 3 6 3 7 5 8 7 7 1 6 1 3 4 3 2 2 1 1 1 2 3 3 0 0 4 5 7 0 1 8 6 3 0 9 6 2 8 4 6 6 2 5 1 7 1 8 4 
0 7 7 1 2 2 7 4 7 5 7 3 8 9 3 7 1 5 7 5 7 2 4 4 9 9 6 0 1 6 2 3 5 9 1 9 1 6 3 6 4 0 8 1 9 5 5 1 7 7 
8 0 4 4 5 3 9 6 5 3 7 2 1 8 4 2 1 0 6 0 3 7 8 4 7 9 5 3 3 6 0 8 9 7 4 5 9 7 5 7 4 5 8 7 9 5 9 6 6 8 
5 2 8 3 9 3 3 3 9 1 4 4 5 2 6 9 5 0 3 0 2 8 3 1 7 8 6 8 6 7 4 0 0 8 7 6 4 6 3 7 8 4 6 8 2 3 0 4 4 3 
3 2 9 7 9 7 1 3 3 9 0 4 7 4 1 8 0 8 8 1 7 2 3 0 6 0 4 8 0 3 9 4 5 1 1 0 7 0 4 5 1 4 2 4 0 6 7 1 5 9 
1 5 0 0 5 9 4 3 4 4 4 4 3 5 7 7 7 2 4 2 9 9 3 7 0 0 6 6 2 5 8 6 1 4 7 8 0 2 7 5 1 6 4 0 5 8 9 2 3 2 
6 8 3 6 6 6 3 1 6 2 1 9 7 4 2 0 2 5 0 2 1 2 3 7 7 6 5 1 9 9 7 9 0 6 5 1 7 9 7 3 5 9 2 8 3 9 8 7 4 1 
7 6 0 2 1 0 8 7 9 4 7 2 9 7 0 1 4 4 0 5 9 7 5 5 4 0 8 7 3 7 4 8 7 5 3 2 7 6 2 2 2 8 0 5 0 6 1 9 0 2 
7 5 2 4 5 0 1 3 1 7 1 0 9 7 4 8 3 8 1 2 9 6 5 2 3 9 9 4 6 7 2 0 6 1 5 4 6 4 7 5 5 6 4 1 1 0 6 9 7 7 
9 3 2 5 9 9 0 2 8 3 6 6 3 7 3 3 8 4 6 3 0 1 6 5 9 5 8 5 9 1 4 0 6 2 3 3 5 1 5 2 8 5 2 0 1 0 3 7 9 0 
1 9 2 9 6 9 1 6 0 1 0 2 1 5 0 4 7 3 5 8 1 6 3 8 6 0 2 6 9 0 2 1 2 1 7 9 8 7 6 2 8 3 8 4 9 6 3 2 3 6 
9 5 4 2 1 7 1 9 4 7 6 6 6 7 3 4 7 0 7 0 6 3 3 5 0 2 6 6 8 7 3 7 6 5 4 6 8 3 1 7 1 6 4 4 9 5 9 8 4 0 
7 3 2 5 1 1 0 2 9 0 3 5 8 4 8 4 1 0 0 8 5 8 4 7 2 8 0 2 5 4 0 6 3 0 0 5 2 2 0 8 2 5 5 7 4 7 4 0 0 6 
6 1 3 2 5 8 5 0 5 6 7 5 7 5 3 5 6 3 2 7 1 9 5 1 7 6 0 5 6 1 1 5 6 9 0 4 7 2 3 3 0 3 3 4 2 7 3 1 7 9 
7 6 1 4 2 0 0 4 6 9 7 3 9 3 2 9 4 8 3 9 5 5 7 0 7 7 9 8 3 0 9 7 1 8 5 0 4 2 6 0 9 9 8 9 2 2 8 7 1 2 
6 9 5 8 5 8 3 7 5 4 4 5 0 3 9 8 9 9 5 3 8 4 7 7 1 2 8 7 4 2 6 5 3 0 2 0 0 3 3 8 8 3 2 1 0 5 5 1 4 4 
7 8 8 5 8 8 4 3 1 2 4 5 9 6 4 8 7 5 7 3 6 3 6 7 6 2 7 2 6 3 1 1 4 8 4 5 7 3 7 5 3 6 8 1 7 0 0 2 6 9 
7 4 7 5 8 6 5 7 5 7 9 1 1 9 1 5 5 4 3 4 3 9 1 2 0 3 9 2 0 9 4 0 6 9 4 8 8 6 6 2 4 8 1 7 5 7 1 9 8 5 
5 1 1 2 2 9 4 3 4 1 6 4 3 4 3 1 4 8 9 5 2 2 2 5 9 3 3 0 9 5 4 9 1 9 3 8 5 7 0 0 9 3 3 6 5 0 5 2 4 1 
3 3 3 8 3 1 1 7 9 7 9 2 9 0 1 5 1 3 6 0 4 3 8 2 0 6 5 7 2 2 0 6 0 1 8 5 9 3 3 1 8 2 7 2 1 1 5 7 9 7 
1 6 0 6 2 1 9 1 4 0 3 0 8 5 0 7 5 7 9 9 2 3 7 9 9 7 9 9 8 8 5 5 7 5 9 4 5 6 2 6 0 8 9 1 4 5 0 7 8 4 
5 8 1 8 5 2 5 1 0 0 2 0 2 0 1 0 5 0 4 6 5 8 7 4 9 3 4 6 4 1 1 5 8 3 7 2 3 5 1 3 8 7 0 6 9 1 9 0 4 5 
8 1 7 1 3 0 8 5 6 4 3 4 7 5 9 3 6 5 1 8 9 0 9 7 2 4 4 0 3 1 8 4 8 8 7 2 8 6 5 7 2 7 9 0 0 1 7 1 9 0 
4 7 6 5 1 4 5 5 9 9 9 9 2 4 0 6 2 2 1 0 4 7 3 7 1 5 8 4 2 8 5 8 2 0 9 0 7 2 6 8 8 0 3 9 7 2 4 3 0 1 
5 8 7 3 4 4 7 2 4 9 9 4 7 5 8 7 3 7 0 3 0 3 6 8 6 0 2 7 9 1 6 7 1 8 5 8 1 3 7 0 2 3 2 9 3 8 3 8 7 0 
8 6 3 5 8 1 6 3 8 4 7 7 2 6 1 3 0 7 4 1 5 9 2 6 8 0 5 2 3 5 7 5 2 8 6 8 7 2 3 6 6 1 9 4 2 0 7 8 1 3 
4 2 5 8 2 7 7 5 7 1 2 7 4 8 3 5 1 9 3 3 4 1 8 9 3 8 7 2 3 8 1 1 9 9 0 1 6 3 7 4 8 9 5 0 7 7 5 8 6 4 
7 6 8 7 2 1 9 7 6 7 0 8 1 2 2 5 9 1 8 2 3 3 0 6 2 4 0 1 7 0 8 5 5 7 4 1 5 9 9 7 0 3 2 2 3 9 4 1 4 2 
7 4 4 6 4 7 8 8 4 7 5 2 6 7 5 4 4 8 3 3 0 4 0 2 4 5 9 4 5 6 9 0 0 0 1 4 9 7 2 0 4 3 0 4 8 7 1 0 2 4 
5 9 3 5 8 8 7 9 4 1 7 7 0 9 2 2 3 2 1 2 7 7 8 7 3 2 1 3 2 7 0 5 0 9 3 5 4 7 8 3 0 4 1 7 9 5 3 2 9 9 
8 0 8 9 7 0 8 8 6 2 2 7 3 1 1 1 7 8 3 1 2 7 8 8 6 4 3 3 0 4 3 7 2 9 7 2 4 8 5 0 8 4 6 0 4 5 8 1 9 1 
9 1 6 0 3 2 1 8 0 2 9 9 9 1 4 4 4 1 4 1 7 1 9 7 5 6 1 1 8 2 3 8 3 3 0 8 3 7 0 9 3 9 3 8 6 5 5 1 6 0 
5 8 8 7 2 1 7 7 4 5 0 7 6 5 3 6 5 0 2 5 3 5 2 9 0 3 7 6 3 3 6 2 6 2 8 1 6 4 9 2 6 9 6 4 5 5 8 3 3 4 
6 5 0 5 7 3 2 1 4 7 6 7 1 0 3 0 9 0 2 1 6 2 0 9 4 8 6 7 9 0 9 8 3 8 6 1 6 8 0 1 9 1 7 4 6 6 8 6 6 2 
9 9 9 7 6 0 6 1 6 8 6 0 3 1 0 4 8 7 4 6 7 9 5 7 8 0 4 0 8 0 3 3 1 3 6 4 2 9 2 2 1 5 5 1 4 0 6 3 8 6 
3 9 3 6 8 1 9 9 1 5 3 8 2 8 1 9 1 3 3 0 3 2 6 0 6 2 6 2 4 2 6 0 9 2 4 5 2 2 4 9 3 7 7 5 4 3 6 4 4 8 
1 6 0 2 2 4 9 5 7 2 0 6 7 6 0 6 0 3 1 4 5 7 2 2 1 8 5 7 8 2 7 6 6 2 4 0 9 5 5 5 1 3 8 4 8 5 4 5 6 6 
0 3 8 0 9 0 7 9 8 7 7 0 1 1 1 8 2 9 2 6 9 6 4 8 7 3 4 7 9 0 6 0 6 0 2 5 2 6 4 6 9 3 7 7 1 9 5 9 9 1 

Matrix B 
9 3 3 6 1 8 8 7 6 1 8 4 3 7 7 8 1 0 0 0 3 7 9 7 3 9 4 3 6 9 1 1 5 6 9 6 4 6 4 4 5 7 5 9 0 6 8 3 2 7 
0 2 5 1 9 4 8 0 6 9 3 8 5 8 9 7 4 3 9 0 4 6 1 1 9 8 9 7 5 3 5 5 0 6 5 5 8 2 7 4 4 6 0 3 5 8 3 3 2 1 
6 2 3 6 7 5 3 9 3 1 0 9 9 8 7 5 6 3 9 7 8 7 8 0 0 8 2 1 7 6 8 2 5 4 9 9 5 5 3 5 0 9 7 1 6 0 5 3 6 3 
2 5 9 5 6 3 7 9 2 0 4 2 6 9 6 8 2 6 7 6 9 3 3 6 3 5 5 9 1 3 2 4 5 6 3 0 9 7 3 5 2 1 7 2 8 3 2 5 4 2 
3 9 3 4 6 2 3 7 9 4 7 8 8 0 2 4 2 8 1 0 1 4 4 7 4 1 7 2 6 1 2 2 3 6 6 0 5 0 1 3 6 5 0 7 6 2 4 3 1 7 
3 5 5 6 0 9 7 4 1 2 1 1 1 7 3 5 1 1 2 6 0 2 4 9 7 5 5 3 6 9 3 5 9 6 7 1 3 1 3 3 6 9 7 1 3 5 4 4 6 3 
7 1 0 8 4 1 4 1 3 8 2 0 0 4 9 0 1 0 5 2 9 5 5 5 0 8 9 5 7 6 2 5 4 3 2 1 2 6 6 6 0 1 9 9 5 9 6 2 3 1 
2 5 7 8 5 3 2 8 9 3 8 6 1 6 8 9 4 7 6 6 9 9 0 4 4 8 6 4 7 5 5 2 0 9 8 8 3 2 4 6 0 0 7 5 0 8 1 7 9 7 
1 7 0 0 0 6 8 8 3 5 5 2 7 3 1 9 5 6 4 5 9 0 8 6 9 9 5 5 6 1 1 3 5 4 6 3 3 0 3 3 6 2 2 8 2 7 8 2 4 6 
2 4 9 5 6 9 1 8 1 1 2 1 6 0 9 7 2 6 3 4 7 4 7 0 7 8 0 9 2 6 1 6 7 6 7 6 6 2 0 7 0 6 6 5 6 9 7 2 0 6 
4 0 7 4 5 3 1 3 7 7 4 6 5 1 2 6 5 7 9 5 0 2 6 3 8 9 0 6 3 5 1 5 7 8 6 9 6 7 5 4 7 9 2 4 7 5 2 4 5 7 
7 8 6 0 6 3 2 1 8 3 1 2 9 8 1 6 2 7 3 8 0 1 0 9 2 4 1 5 1 9 9 3 3 7 8 8 1 0 4 7 9 9 0 9 4 7 6 1 5 2 
7 2 1 9 1 0 7 1 3 8 5 0 4 9 7 2 4 6 5 6 1 6 2 6 0 7 4 5 7 5 2 6 1 8 4 1 9 3 1 1 6 2 0 9 1 9 9 5 9 2 
0 6 9 4 6 9 2 3 3 0 8 0 9 5 7 9 3 3 3 2 4 3 3 5 1 0 9 3 8 7 1 0 5 4 1 9 0 7 3 4 8 1 7 2 2 2 6 2 1 4 
0 6 7 7 0 8 0 1 0 3 0 8 4 2 2 3 0 1 7 3 4 2 0 7 1 8 0 1 4 7 2 1 0 3 7 4 9 1 9 0 1 6 9 9 5 5 7 8 0 7 
5 2 7 3 7 2 2 4 8 6 9 7 3 4 8 9 2 2 7 9 2 6 8 4 3 4 7 9 0 7 3 0 1 5 8 5 9 9 7 3 8 2 6 9 2 2 3 1 4 1 
4 1 6 1 0 2 5 4 7 1 3 2 7 5 0 8 0 4 9 5 0 4 1 8 6 7 3 1 5 3 1 8 1 4 3 8 3 5 0 4 7 1 8 6 5 3 4 1 4 2 
2 2 9 9 2 7 8 1 7 5 7 5 3 9 3 3 7 7 2 3 0 9 3 5 3 6 1 8 5 9 9 2 2 8 5 6 5 2 4 6 4 5 3 0 8 8 7 6 7 7 
0 9 3 9 6 5 6 4 4 0 7 1 6 0 9 9 4 8 7 0 6 4 2 3 8 1 4 0 6 0 2 4 1 9 2 1 0 3 9 4 9 8 5 5 2 1 8 7 2 5 
1 2 6 3 0 0 1 5 2 3 1 8 8 7 7 9 0 5 9 5 9 5 7 6 5 3 9 6 8 4 1 2 6 8 5 5 9 7 7 6 0 0 9 2 6 5 1 0 0 4 
4 0 4 8 6 5 3 1 8 5 0 1 9 5 5 9 1 5 9 5 9 5 8 4 9 7 3 6 6 3 5 6 1 9 5 9 0 9 4 6 7 8 4 6 3 8 1 3 9 0 
0 6 0 8 8 0 0 8 8 7 4 2 0 6 8 5 5 2 3 9 9 8 0 0 5 2 9 6 2 2 7 4 0 7 5 1 9 6 8 0 0 7 6 1 4 6 3 8 2 6 
9 2 2 8 7 1 3 9 7 1 9 7 1 5 9 4 9 0 6 7 1 4 7 1 5 5 7 4 1 4 6 7 9 6 9 1 7 2 7 0 0 1 4 8 7 1 8 3 9 9 
2 3 6 8 9 6 9 3 5 9 4 5 3 4 1 3 1 2 1 1 2 2 8 5 3 4 8 6 6 8 1 7 6 9 0 0 7 8 8 7 0 8 5 2 3 0 2 6 4 6 
4 4 7 3 2 6 3 8 0 6 6 3 0 7 7 8 5 4 8 0 3 7 1 1 6 8 2 6 1 8 8 3 5 5 2 2 0 8 4 0 4 9 0 7 2 3 0 2 1 6 
7 6 9 6 8 7 1 0 2 7 8 3 3 2 5 6 1 7 4 1 1 7 2 1 6 6 2 5 1 4 9 1 1 8 3 7 3 8 8 0 0 7 6 5 1 9 5 3 4 6 
5 0 6 6 3 0 1 1 1 9 0 5 7 7 3 2 9 8 0 7 6 2 9 8 5 9 2 0 4 2 7 9 7 7 5 6 4 0 2 5 9 7 3 6 6 3 3 2 1 7 
1 2 4 5 1 3 9 7 9 9 9 0 5 5 3 4 5 2 8 1 7 7 3 4 0 8 0 1 5 6 5 5 8 4 4 6 0 8 3 5 2 7 4 2 6 7 5 5 7 9 
7 6 0 4 7 1 6 6 3 3 3 5 8 0 5 5 3 4 7 9 4 3 3 0 9 5 4 4 4 5 8 3 0 5 5 9 4 8 9 3 3 6 0 2 6 6 8 4 6 4 
7 4 3 4 9 1 6 8 9 2 7 2 2 0 0 1 2 6 1 3 8 3 4 7 9 9 1 5 4 9 7 7 8 6 1 3 1 3 2 6 8 5 9 9 6 9 4 0 5 2 
4 8 1 6 4 0 3 4 4 3 9 7 1 5 6 5 7 1 6 4 8 3 5 7 5 8 9 4 7 4 3 1 3 5 4 0 6 1 9 0 9 1 2 8 9 7 9 2 7 7 
5 6 3 6 9 2 8 8 1 8 8 1 2 1 5 9 3 6 7 9 7 6 0 9 9 8 9 1 9 6 0 9 8 4 5 1 3 0 4 6 9 3 4 5 0 0 4 3 8 3 
8 8 5 4 5 3 7 9 3 5 6 7 3 7 0 5 5 6 4 1 8 6 0 3 4 1 3 9 0 7 0 0 1 5 1 6 2 3 4 6 1 1 5 4 1 8 1 7 8 4 
6 8 4 4 8 5 1 8 2 9 8 2 9 8 2 3 4 7 6 5 6 5 4 0 4 0 4 4 3 4 3 7 2 3 9 3 5 4 7 0 2 6 3 0 9 9 4 3 8 7 
2 1 2 8 7 2 4 6 2 3 4 9 7 2 9 6 1 2 7 4 7 3 0 3 9 6 3 1 7 2 6 8 3 9 8 6 5 6 0 8 4 1 9 3 8 6 7 4 1 1 
1 2 9 1 6 4 8 7 8 5 9 8 1 1 1 7 8 8 6 2 1 6 2 8 1 0 9 7 0 6 1 7 0 6 1 3 9 9 9 4 8 4 8 3 3 9 9 3 3 4 
4 1 0 5 7 2 4 8 8 4 1 7 4 7 7 4 4 6 6 0 5 9 4 6 3 6 2 2 2 3 4 8 9 8 7 0 1 2 2 2 6 6 0 2 5 1 4 2 1 2 
8 5 6 2 1 6 2 6 3 3 6 1 4 0 9 7 1 2 2 4 9 8 8 8 7 7 1 5 9 6 0 8 0 5 9 7 0 7 3 5 4 0 0 5 1 3 9 1 8 2 
8 6 6 6 3 6 1 6 2 3 9 7 0 2 0 0 0 4 9 0 2 9 7 3 5 4 9 7 5 0 0 0 6 3 6 0 0 9 3 1 1 7 0 1 3 5 3 3 1 3 
1 0 1 0 7 9 4 5 7 6 7 8 9 1 7 5 5 3 2 0 3 4 5 1 5 5 4 3 5 0 6 4 1 9 5 9 2 9 8 9 9 0 2 2 3 5 3 4 2 6 
1 5 7 8 1 5 8 2 1 1 0 2 2 9 3 9 9 8 1 5 9 1 3 3 6 6 7 6 6 2 4 8 3 1 0 7 8 1 6 4 7 3 3 2 6 4 4 6 0 2 
9 9 4 1 5 9 8 6 4 2 7 8 8 2 9 3 6 4 6 0 6 0 9 1 5 1 6 1 9 4 2 5 1 0 9 6 0 6 1 9 0 2 3 7 2 4 6 2 7 3 
8 4 4 8 1 6 7 3 0 8 0 2 1 3 1 1 0 3 8 9 6 3 3 3 1 9 7 3 1 5 9 9 5 3 6 2 7 8 4 6 9 9 1 4 3 0 6 8 2 2 
4 1 7 0 5 3 3 6 4 4 2 8 9 2 6 2 4 3 1 5 5 0 3 8 4 5 9 9 5 0 1 3 6 9 6 1 8 1 9 0 8 8 3 7 0 5 8 0 0 5 
5 3 4 4 8 6 1 6 6 9 9 4 5 0 7 4 8 0 1 3 8 4 8 2 1 5 9 6 3 2 8 2 6 1 6 0 9 5 2 1 9 3 3 5 5 3 1 8 0 5 
9 2 7 5 0 7 3 5 3 6 8 2 7 4 3 9 4 0 6 7 1 9 1 9 0 0 0 7 4 1 9 4 9 4 2 3 8 5 2 2 6 9 3 4 7 2 1 1 1 2 
2 2 0 4 6 9 6 4 2 7 8 2 7 4 4 6 7 7 1 2 0 4 7 6 2 6 6 1 9 7 2 6 8 6 1 7 0 2 0 1 5 8 0 5 1 3 4 7 2 6 
8 0 5 6 7 1 1 4 3 4 3 3 9 0 3 9 7 5 0 0 5 2 0 3 2 0 7 4 3 2 4 7 6 6 2 6 6 8 6 4 9 4 8 4 8 2 6 2 6 4 
1 9 0 6 6 3 5 4 7 3 3 3 5 3 1 5 8 2 4 1 1 3 2 4 3 1 7 9 6 6 2 5 9 3 3 3 0 7 4 0 5 8 6 5 0 0 0 5 7 1 
8 5 5 7 2 8 9 2 3 1 6 8 4 0 2 5 8 9 5 3 9 3 5 2 8 6 5 7 5 8 4 2 1 1 7 1 0 8 6 1 3 7 9 5 1 4 7 1 6 6 

Result Matrix C 
906 933 991 1051 1168 824 910 1057 1054 967 1143 954 1116 720 1040 1255 811 1048 1072 936 1096 888 806 978 1093 1169 1143 968 999 968 904 970 812 1277 1094 941 975 1088 1024 881 1228 1025 1022 1084 871 1019 1024 771 847 942 
784 769 819 1018 918 772 962 944 795 888 1049 815 973 731 883 1033 851 914 913 642 893 797 766 879 840 957 943 773 990 758 656 964 778 1060 818 739 844 851 823 777 969 875 748 889 891 871 973 718 780 858 
941 906 942 1224 1176 971 1082 1137 1067 996 1104 1011 1098 918 1204 1193 898 999 1048 877 1175 1043 960 977 1060 1229 1108 1073 1135 1104 874 1060 839 1326 1173 947 925 1087 1038 888 989 1100 970 1080 882 1074 1166 839 990 936 
905 923 1155 1085 1005 1041 813 1045 920 914 1141 926 1013 903 1016 1307 805 920 1070 812 959 1039 758 918 931 1043 1025 1059 956 984 876 896 785 1214 1035 1041 939 1069 1038 841 961 994 914 979 889 1010 952 821 852 943 
1090 934 1052 1148 1080 1055 1066 1290 1116 1022 1230 1102 1162 974 1155 1399 973 1013 1095 959 1212 1136 1026 1185 1086 1318 1265 1176 1181 1138 986 1084 1071 1360 1260 1072 994 1196 1050 951 1309 1143 1027 1155 926 1103 1142 834 891 978 
1171 1105 1202 1239 1213 1141 1143 1291 1204 1145 1370 1067 1335 1081 1235 1454 1030 1109 1242 963 1310 1183 1086 1120 1169 1336 1236 1138 1221 1161 1111 1038 930 1383 1321 1138 1014 1252 1185 964 1175 1316 1084 1200 1099 1295 1257 858 1080 1187 
889 831 990 1051 907 869 820 1038 859 806 963 874 975 862 1025 1228 719 832 1027 883 1015 937 724 868 919 1086 966 992 880 924 881 755 761 1138 1057 866 980 935 941 701 942 1043 939 1002 828 955 963 720 761 844 
998 932 1024 1263 1095 1105 1099 1229 1001 1046 1130 1050 1141 936 1052 1248 908 1074 1169 929 1107 1024 1054 1038 1025 1315 1162 966 1156 1126 834 1089 1019 1301 1279 972 1028 1062 1049 863 1046 1293 953 1056 938 1061 1194 925 955 1112 
979 847 1005 1078 1025 980 1042 1114 964 1010 1141 900 1046 886 982 1220 879 928 944 856 1084 997 1018 1104 1023 1190 1146 1054 1074 1033 828 1018 954 1247 1005 961 904 1060 1082 886 1135 1002 913 1014 883 1036 1083 763 885 966 
939 781 975 1116 1041 875 813 969 999 959 1029 911 967 862 1037 1094 821 813 970 851 911 972 897 968 972 1131 984 1047 932 1009 942 921 885 1216 1048 844 887 1065 993 710 994 1094 922 1071 884 920 932 700 824 891 
703 755 874 976 794 874 777 809 751 852 879 820 731 738 848 956 771 735 828 653 842 802 740 766 735 962 899 906 774 879 765 745 680 962 871 730 807 872 888 663 880 896 763 880 669 811 790 781 656 785 
1022 1009 1165 1153 1093 971 1097 1171 1106 932 1241 1081 1278 909 1082 1415 927 1120 1154 838 1151 1000 864 1124 1080 1140 1184 1064 1157 1049 906 1035 910 1374 1152 1062 985 1199 1130 947 1208 1144 1093 1094 994 1114 1171 783 977 1047 
866 814 747 920 934 920 982 1049 923 925 995 834 940 779 959 1038 756 852 906 624 974 886 873 818 928 1138 920 948 942 957 666 912 819 1059 1031 842 758 911 801 782 905 925 733 988 731 994 917 745 799 833 
992 931 1133 1182 1154 1099 984 1077 981 1180 1225 938 1099 954 1122 1324 986 1093 1182 893 1137 1110 1005 954 1040 1256 1165 1188 1043 1138 972 1027 901 1288 1098 1014 1006 1203 1121 827 1171 1189 995 1119 886 1159 1064 852 947 991 
1224 1064 1112 1319 1322 1205 1103 1397 1095 1203 1391 1067 1184 933 1256 1399 1073 1126 1155 906 1310 1196 1069 1093 1134 1347 1309 1169 1167 1194 990 1175 1144 1395 1272 1036 979 1281 1181 906 1222 1306 1107 1239 923 1140 1202 973 1007 1171 
967 922 978 1057 1046 916 940 1179 1026 1026 1113 997 1111 891 1057 1217 885 974 1083 906 1112 984 905 961 1018 1239 1044 991 983 961 960 1010 828 1234 1193 973 1014 1104 1083 769 1118 1139 935 1116 940 1095 1145 760 858 996 
830 852 878 1065 914 928 955 1048 910 805 1052 855 1001 906 1012 1131 857 932 994 740 966 971 867 913 863 1079 898 942 963 973 786 787 896 1140 1031 769 742 857 805 734 987 1077 794 968 801 905 956 691 863 890 
823 842 921 1079 1021 951 927 1002 991 1048 1134 875 1000 803 959 1176 798 846 1068 864 957 943 891 1042 976 1096 1118 911 1060 974 791 1006 868 1181 1032 873 929 1014 943 817 1093 1077 939 1015 895 1034 986 799 844 904 
1149 1010 1023 1095 1165 1036 1095 1190 953 1083 1205 965 1197 986 1127 1271 907 1014 1033 887 1065 1039 960 1171 1117 1271 1170 1075 1208 1104 954 1127 1066 1310 1176 941 965 1013 1011 861 1181 1214 809 1149 977 1106 1182 735 961 960 
1002 760 923 1071 1007 799 974 1117 1003 1055 1085 825 1060 953 1093 1229 862 943 1032 820 1184 1011 900 1010 1023 1206 1043 995 1086 986 746 1055 908 1256 1054 960 871 989 918 894 1003 940 898 1080 877 1141 1031 669 1001 932 
1003 835 1025 1201 1098 960 975 1030 1011 966 1125 973 1070 911 1081 1208 918 1041 1005 756 1046 1062 948 888 1016 1181 1053 1076 995 1057 896 978 825 1271 1078 1047 899 1169 963 827 1021 1066 963 1063 869 1115 1080 796 928 943 
870 957 969 1034 922 916 992 1066 914 835 1024 887 1044 949 910 1248 873 966 973 711 848 865 860 956 997 1088 1006 925 955 1011 779 912 928 1175 1006 954 825 965 929 762 1044 1085 835 1002 878 932 1006 765 830 978 
821 845 1043 1061 985 924 1046 1121 950 931 1048 975 976 918 1067 1252 826 893 1112 831 1060 1024 820 963 965 1053 1209 1038 986 943 866 1005 857 1177 1028 805 1025 1127 990 809 1013 1041 891 815 906 897 957 822 740 849 
1037 907 1017 1146 1241 1065 1079 1251 1133 1092 1233 945 1254 923 1165 1393 955 1031 1094 911 1116 1060 975 1101 1068 1276 1131 997 1137 1129 905 1143 1030 1387 1195 1131 964 1095 1013 967 1281 1193 1001 1144 913 1135 1139 895 1011 1028 
783 707 814 830 831 844 849 887 789 865 913 795 900 724 864 1049 648 753 868 774 874 785 749 843 795 979 922 885 826 844 713 732 673 1043 896 757 909 915 932 654 830 884 773 922 596 880 875 652 689 799 
955 900 913 1010 924 923 904 1103 910 953 1072 839 990 894 964 1166 796 906 1073 843 905 1010 810 906 920 1034 988 1036 902 1050 775 868 897 1125 1090 820 879 1036 966 651 903 1118 895 967 801 1017 981 696 868 942 
1071 927 1162 1245 1081 998 1037 1183 969 1163 1237 1026 1194 1118 1270 1396 1018 1130 1240 1013 1199 1091 1066 1025 1139 1405 1225 1134 1147 1067 937 1124 1028 1372 1295 1070 1154 1091 1094 860 1169 1191 903 1193 1039 1204 1220 836 974 1133 
838 876 1084 1176 995 1027 1073 1031 1048 956 1071 981 1088 1048 1068 1346 873 947 1127 927 1053 1003 956 1065 1080 1320 1058 1017 1107 1080 886 979 878 1291 1141 1067 994 989 1062 926 1053 1100 999 1065 963 1042 1025 855 946 1012 
1102 993 1102 1273 1177 1079 1129 1172 1109 1083 1176 1115 1177 1084 1174 1281 939 1072 1257 911 1103 1120 1068 1013 1085 1281 1233 1114 1102 1182 972 1082 917 1336 1312 981 1045 1238 1106 911 1168 1262 1017 1128 981 1093 1149 896 1010 1010 
1074 998 1183 1189 1218 1046 981 1328 1173 1036 1244 1101 1248 989 1153 1370 1032 1114 1097 878 1261 1130 1065 1117 1092 1184 1234 1205 1145 1092 870 1092 1059 1356 1260 1054 1066 1176 1058 923 1179 1209 1172 1105 1058 1198 1129 796 959 1057 
809 876 929 1011 938 879 962 1011 806 889 993 763 909 839 947 1164 815 953 929 798 941 866 782 973 1008 1073 1015 898 993 1021 739 990 823 1134 953 816 840 874 1000 717 1066 1032 812 908 798 951 1021 736 826 878 
836 764 877 1144 985 810 983 1030 919 899 980 825 943 806 986 1189 903 1021 1025 822 1007 903 816 859 970 1179 953 951 912 884 767 1058 915 1180 1048 839 894 952 858 751 989 1016 857 965 808 914 1024 783 891 871 
1137 976 1082 1309 1225 941 1203 1229 1083 1254 1327 1047 1173 1008 1261 1338 994 1054 1304 901 1255 1157 998 1058 1155 1301 1256 1156 1154 1164 1041 1216 1027 1430 1142 992 1043 1369 1191 1017 1184 1127 1104 1182 1069 1153 1182 878 1085 1048 
783 757 795 943 956 790 925 1027 818 906 974 845 902 841 1041 1087 832 802 931 654 1035 863 784 771 936 1010 1041 890 928 828 715 907 765 1035 900 749 819 925 859 683 801 892 778 879 746 871 805 751 721 830 
1050 934 912 1217 1050 1007 985 1130 965 1022 1084 1046 1127 1032 1119 1212 825 932 1201 855 1109 1057 1050 1017 973 1285 1118 986 1165 1122 805 1053 914 1294 1234 1051 917 1096 1022 917 973 1016 961 1154 912 1082 1126 846 1026 974 
889 768 989 1071 1190 913 932 1116 1006 1054 1022 938 1068 908 1109 1227 859 960 986 938 1157 935 958 992 1104 1375 1089 1055 1014 959 908 1041 1021 1331 1130 974 997 938 967 922 1154 1106 896 1050 929 1088 1027 761 782 931 
1012 897 1129 1168 1138 983 1015 1201 1001 1137 1199 1044 1146 965 1129 1282 935 915 1217 949 1000 1076 934 1059 972 1246 1203 1188 1098 1155 848 1046 1048 1295 1204 969 1199 1131 1147 818 1064 1240 987 1105 1064 1143 1197 807 960 1054 
904 893 976 1144 1172 959 1034 1166 1035 1100 1126 958 1077 976 1069 1275 942 1075 1029 843 1135 1007 915 1001 1038 1245 1201 1050 1019 1060 907 1082 924 1333 1103 927 1004 1058 1083 885 1217 1180 874 1050 992 1110 1130 839 844 1029 
1183 1042 1156 1277 1180 1146 1109 1186 1029 1093 1248 973 1170 1122 1066 1292 1020 1085 1064 883 1161 1079 1074 1053 999 1198 1187 1184 1094 1197 1017 1059 1077 1284 1159 1027 979 1160 1074 940 1087 1186 1048 1110 1019 1134 1078 896 1065 1035 
971 938 910 1001 1034 961 901 1123 911 899 1106 876 1069 871 1098 1247 687 845 1128 810 1080 1068 882 947 961 1130 1027 993 1045 933 765 876 773 1174 1113 921 821 1037 969 844 922 993 857 996 842 1012 1015 715 865 836 
870 807 1018 1073 882 898 878 1005 934 892 1043 852 916 916 1096 1139 829 872 937 797 1048 1015 906 1041 883 1233 952 987 1003 1021 836 855 871 1163 1049 842 938 893 894 737 992 993 904 1026 893 1066 1039 704 766 927 
1004 973 1055 1116 1221 1050 979 1201 1167 1045 1242 991 1108 904 1100 1257 893 947 1104 855 1102 1067 978 1047 1078 1166 1272 1154 1126 1105 863 1012 1008 1264 1243 891 916 1135 1055 810 1052 1195 1011 1068 889 1090 1011 784 986 991 
1014 989 964 1240 1080 957 1036 1234 1007 1007 1178 861 1000 1058 1064 1245 898 980 1065 906 1114 1104 932 1029 948 1240 1109 1018 1110 1091 903 1103 982 1216 1151 897 928 1016 910 851 947 1096 934 1064 942 990 1038 876 983 976 
1039 840 944 999 1088 956 944 1082 1044 976 1135 953 1061 819 1088 1213 871 895 1029 864 862 961 913 969 930 1145 1014 966 1013 1042 832 975 816 1258 1142 1013 917 1037 1042 814 1068 1081 777 1131 712 979 1047 771 1000 942 
1028 918 1016 1172 1113 981 1048 1138 977 1047 1104 1030 1135 1044 1168 1236 865 953 1149 885 1227 1046 1014 1019 954 1268 1213 1050 1152 1044 872 1026 939 1248 1165 988 1001 1099 961 946 983 1086 976 1091 929 1078 1074 839 880 912 
969 928 987 1100 1067 949 1004 1068 904 1100 1031 826 1152 882 970 1307 840 987 1034 877 1072 939 878 1052 1075 1261 1032 982 1053 1004 866 1151 963 1226 1064 980 956 1009 984 811 1151 1200 806 1040 973 1012 1047 814 880 966 
914 836 920 1113 1071 937 1016 1143 974 968 1025 968 1083 912 1185 1283 865 921 1139 848 1114 1033 1037 859 1092 1250 1123 1068 1081 1046 818 1031 828 1233 1162 960 973 1158 971 854 924 1096 915 1014 910 981 1054 786 894 927 
978 894 1009 1022 1110 957 946 1058 1005 960 1152 1040 1053 894 1130 1192 932 965 1042 781 1059 963 870 884 921 1116 1163 1077 947 1014 887 863 780 1183 1097 970 880 1052 1001 873 1058 983 880 1103 844 1059 1014 765 860 925 
992 879 839 1096 1054 857 941 1009 948 1110 1089 848 1003 872 1087 1143 842 878 1033 866 1137 1026 848 942 940 1165 1154 1034 1008 964 920 927 881 1182 1073 856 860 1053 988 776 1055 1009 827 1022 811 1064 1020 773 911 864 
978 889 1089 1233 1097 989 1023 1202 1115 1140 1137 1078 1170 947 1131 1392 1030 1031 1173 934 1190 1132 1023 978 1046 1260 1202 1242 1126 1039 985 1042 968 1378 1119 1129 1081 1235 1163 933 1079 1213 952 1080 1009 1106 1065 880 986 1060 


~ Different Dimention Matrices ~

2X3 * 3X4 Matrices dimensions: Matrix A 
8 9 8 
9 2 5 

Matrix B 
1 2 4 0 
8 4 9 4 
4 5 7 9 

Result Matrix C 
112 92 169 108 
45 51 89 53 


10X14 * 14X5 Matrices dimensions: Matrix A 
8 3 1 4 4 9 5 9 4 3 0 8 4 8 
1 3 0 8 2 1 0 6 2 3 1 0 5 0 
9 7 3 5 0 5 5 5 3 2 9 5 7 3 
6 7 6 4 4 8 6 6 2 1 2 1 9 0 
3 2 1 0 0 3 9 6 6 7 1 8 0 9 
0 6 0 8 9 5 0 6 9 4 9 5 7 5 
0 8 7 3 6 7 5 8 8 0 4 3 2 7 
3 8 4 3 8 2 4 0 5 7 9 2 7 9 
0 8 6 6 6 3 2 5 3 3 0 7 5 8 
3 3 4 8 8 5 3 0 4 0 0 3 3 8 

Matrix B 
4 9 3 3 9 
9 8 0 3 0 
6 3 4 5 9 
0 1 6 8 3 
7 7 4 1 7 
0 9 1 3 6 
0 7 7 0 7 
8 2 7 5 5 
9 5 3 6 0 
1 7 6 4 8 
3 4 0 1 3 
4 1 2 5 8 
9 9 2 7 1 
9 9 7 1 4 

Result Matrix C 
344 422 285 258 379 
162 156 136 171 115 
323 401 210 255 315 
309 393 206 245 299 
261 320 260 173 306 
405 398 241 294 273 
397 384 251 238 297 
395 464 243 226 310 
365 341 243 250 288 
266 315 211 193 253 


30X25 * 25X56 Matrices dimensions: Matrix A 
4 1 8 3 2 0 2 3 8 1 6 1 5 7 7 4 7 2 7 6 7 1 7 5 2 
8 8 3 8 4 1 8 2 8 3 4 8 7 8 3 0 3 8 6 4 3 6 4 2 5 
1 1 5 0 1 0 7 2 3 3 9 2 1 2 4 5 8 7 8 4 0 1 8 0 9 
4 3 0 0 3 7 8 9 8 7 7 7 9 5 3 4 4 4 4 0 5 4 6 9 1 
0 3 7 4 9 9 8 0 2 3 7 0 7 7 4 4 6 7 7 0 7 4 9 1 0 
7 4 5 0 1 5 5 4 8 0 2 6 2 1 7 1 8 3 3 2 1 8 2 3 6 
4 9 1 0 1 4 7 8 6 4 9 4 4 5 9 5 6 5 2 1 8 5 9 9 8 
8 9 7 6 4 5 4 6 9 4 8 0 4 4 8 1 9 0 9 1 5 4 4 9 2 
8 7 0 5 5 2 5 5 6 4 8 3 7 6 2 4 3 9 6 8 1 2 8 5 6 
9 6 7 0 2 5 1 6 6 7 2 2 6 4 8 8 4 7 7 1 9 3 6 0 0 
1 1 1 1 0 0 3 5 8 7 3 0 9 7 1 9 3 1 8 6 0 4 3 4 7 
4 5 3 1 3 1 6 8 1 4 4 1 2 2 7 1 3 5 9 9 9 2 6 6 8 
8 8 9 0 7 7 9 9 4 5 6 2 0 2 6 7 8 9 1 4 3 3 8 2 6 
1 0 5 8 1 3 4 7 5 6 3 3 0 5 5 1 4 6 2 4 4 9 3 5 3 
1 9 5 1 3 5 4 5 2 2 6 6 5 6 8 5 7 8 6 0 1 2 1 1 0 
3 5 8 5 7 4 6 5 0 9 2 2 6 1 9 2 6 9 8 3 6 7 5 6 4 
7 3 0 4 5 3 6 9 1 3 6 9 3 3 2 4 9 7 8 0 0 4 7 8 4 
2 4 3 3 2 3 9 0 4 3 7 8 4 0 7 8 9 5 6 5 2 4 9 5 4 
5 1 7 6 3 3 4 9 5 4 9 7 7 7 9 2 7 8 2 7 4 4 3 4 1 
5 3 5 7 3 9 8 4 0 8 5 8 1 1 5 9 1 7 0 0 7 4 5 6 4 
7 6 1 1 3 4 4 5 0 3 9 0 0 6 9 2 7 9 7 3 2 4 2 5 3 
5 2 1 4 5 3 2 8 0 2 8 3 5 3 6 3 5 9 0 8 0 8 2 4 4 
4 6 8 4 0 5 3 5 6 8 6 7 7 6 3 6 8 3 9 3 2 4 5 7 6 
6 7 4 7 5 6 8 9 4 9 1 6 6 1 9 0 5 3 7 8 8 8 5 8 2 
4 0 2 6 1 1 2 7 4 8 3 0 1 3 5 8 2 5 3 4 9 9 7 1 6 
1 0 8 4 4 3 1 9 4 2 1 0 1 2 1 5 9 1 3 6 3 9 4 3 9 
1 0 5 5 7 0 8 9 5 2 0 7 2 8 5 6 1 6 8 1 3 7 6 0 0 
7 7 9 6 8 9 1 5 4 6 1 3 9 4 3 8 6 8 6 6 2 9 9 4 9 
4 0 8 0 5 7 3 8 3 1 8 9 2 1 8 7 5 7 6 1 6 6 8 8 9 
9 6 7 9 3 2 0 5 0 1 9 3 7 6 4 0 8 9 2 0 5 3 3 9 6 

Matrix B 
4 1 7 2 8 5 8 0 5 9 9 6 8 7 5 9 7 1 7 6 6 0 2 3 2 1 2 3 0 7 5 0 6 3 4 2 7 7 5 7 5 8 9 9 7 2 7 1 1 9 9 9 1 8 5 7 
5 3 2 0 0 9 7 6 7 2 1 2 0 3 5 4 4 0 1 9 2 0 0 5 1 8 6 3 7 2 3 8 8 6 0 9 1 3 1 8 9 4 3 7 5 1 1 9 8 2 4 3 0 4 7 7 
2 4 6 6 4 8 3 4 8 6 1 8 7 4 0 5 1 6 4 7 8 1 4 7 7 5 9 5 8 9 5 4 4 1 4 9 5 9 5 9 1 9 6 8 9 1 1 3 4 1 0 6 4 1 1 7 
9 8 6 9 9 9 1 0 4 1 2 1 5 1 8 2 7 3 6 9 8 8 3 8 5 8 3 7 2 2 4 0 5 7 4 4 5 7 3 8 1 5 2 0 1 7 6 7 6 9 4 4 9 8 9 3 
4 5 1 4 3 5 0 2 5 9 8 8 8 8 5 4 9 6 5 4 9 2 3 5 3 6 9 5 7 9 5 3 4 8 5 6 2 5 8 0 3 6 1 6 2 4 4 2 3 6 4 0 3 2 3 6 
1 9 5 2 7 3 8 0 3 5 8 8 8 5 6 3 8 6 9 5 2 1 4 7 1 7 7 7 1 3 1 7 2 3 9 8 8 0 7 5 2 5 8 7 4 4 1 7 8 4 1 3 4 4 2 0 
7 3 0 0 5 4 4 6 6 2 6 6 4 9 6 9 7 6 7 6 6 6 6 9 6 8 3 9 0 5 8 8 7 2 3 4 7 5 1 0 9 6 5 0 8 8 4 3 0 8 2 5 7 1 4 4 
2 2 8 3 4 6 2 9 9 7 1 1 7 7 1 2 2 5 9 6 9 4 8 1 0 8 3 8 9 5 2 4 2 4 0 9 9 8 8 7 9 1 6 5 2 8 4 6 0 0 0 6 6 7 6 0 
8 7 6 9 6 9 6 2 8 4 7 3 5 8 6 1 1 1 0 7 0 9 2 5 3 2 7 7 4 2 6 0 6 9 6 0 6 2 3 4 4 6 0 0 4 7 7 6 9 5 9 9 9 3 7 8 
2 2 2 5 8 1 6 6 4 8 9 7 5 7 8 1 4 3 6 5 0 8 4 4 6 5 2 0 9 9 0 0 9 2 6 7 7 6 8 3 9 4 9 6 5 8 9 7 4 0 6 8 7 3 2 9 
7 1 4 0 2 0 8 0 4 2 6 6 9 8 2 8 7 1 8 3 9 8 4 0 6 8 1 0 4 8 3 1 0 8 4 3 0 4 0 1 0 1 3 2 1 8 0 5 4 2 1 8 0 9 5 0 
5 1 3 5 1 4 7 7 7 1 2 6 8 9 5 3 7 5 1 7 3 8 2 3 5 1 1 9 4 6 7 5 1 0 5 8 9 9 8 4 5 3 2 0 5 4 1 0 8 6 4 7 1 5 3 4 
2 9 5 3 1 6 9 6 1 4 8 8 4 8 6 3 0 2 5 3 8 3 4 2 0 1 3 2 9 0 9 7 5 9 9 2 9 2 2 6 8 1 4 3 4 6 6 7 4 4 4 7 9 8 5 4 
6 1 0 0 8 0 3 7 1 9 3 1 1 1 9 6 1 8 7 9 4 0 2 7 4 0 2 1 1 9 8 6 3 7 4 1 2 8 5 5 5 7 2 3 4 8 8 5 0 5 4 0 2 9 2 3 
4 6 2 3 4 7 3 9 8 0 6 3 0 6 0 5 4 6 3 2 3 4 3 4 6 0 4 5 2 3 6 8 7 6 0 0 0 0 0 9 2 7 8 6 2 2 7 4 8 5 2 7 9 6 9 0 
2 0 1 6 5 4 2 5 2 3 2 2 7 0 8 9 0 5 4 8 4 4 5 9 3 8 6 2 6 8 3 3 6 9 1 0 3 9 4 0 4 8 7 5 4 6 0 5 7 9 6 9 4 6 9 6 
1 0 1 4 3 7 7 5 5 3 0 7 8 0 9 1 0 4 5 8 0 6 1 1 1 5 0 0 2 2 5 9 7 8 8 6 8 6 1 5 7 0 2 2 6 0 3 8 4 8 5 6 7 8 9 1 
3 7 7 5 0 4 8 4 0 7 3 2 9 2 2 5 9 9 7 1 1 0 7 1 6 1 6 3 1 7 3 0 9 0 6 5 4 3 8 2 8 4 9 1 6 5 9 9 4 6 9 7 9 3 0 3 
8 6 8 7 5 3 2 7 3 3 2 6 4 1 7 7 8 7 4 6 5 1 8 0 0 8 8 3 3 4 7 3 2 2 2 7 0 8 3 9 5 8 0 2 6 3 9 7 9 4 2 4 7 6 1 8 
9 8 0 3 9 7 0 5 4 7 6 4 2 2 8 0 4 7 5 6 3 2 6 3 1 1 1 6 1 8 7 5 8 3 1 3 3 2 8 8 4 0 3 6 1 3 0 5 6 3 2 5 9 4 9 2 
9 3 3 0 7 7 9 6 6 0 9 2 9 7 6 0 0 9 1 5 5 7 7 5 9 3 3 5 9 2 2 7 1 5 1 8 2 4 4 9 5 3 7 7 6 0 2 5 9 0 9 8 3 1 6 9 
2 6 8 4 4 9 2 9 1 5 9 5 4 5 5 4 4 9 2 5 6 3 1 1 7 4 3 1 1 5 8 7 8 9 8 7 5 5 4 9 0 9 2 1 2 6 6 0 1 8 4 5 2 4 0 7 
1 8 9 9 9 6 0 9 0 2 3 0 5 8 2 5 5 0 4 7 2 9 3 6 7 5 9 4 3 8 6 1 6 9 4 6 8 0 0 7 1 9 2 0 5 7 4 3 1 0 1 5 0 1 5 5 
3 3 9 3 1 4 8 7 5 7 3 1 1 1 2 4 5 6 9 7 5 6 2 0 5 8 8 4 0 1 9 1 8 3 4 2 9 8 8 2 3 3 2 6 9 5 9 9 0 6 8 2 0 3 5 5 
3 8 1 2 4 6 5 1 1 0 6 5 9 1 2 2 9 1 7 6 6 3 0 9 9 6 3 9 4 5 6 2 7 2 6 3 5 3 5 1 6 3 7 5 8 8 7 0 4 7 9 4 2 7 6 5 

Result Matrix C 
509 462 458 433 536 580 478 545 477 432 472 426 549 478 511 435 375 491 499 636 480 467 406 421 438 446 481 418 413 540 588 416 524 587 399 438 476 520 387 609 435 524 409 406 502 471 493 543 494 451 449 610 516 525 561 483 
614 575 521 469 564 681 608 585 516 520 599 528 648 614 641 528 610 547 584 741 562 491 419 521 509 514 505 555 428 621 696 476 668 606 539 569 608 610 510 651 614 614 487 396 582 623 636 589 547 637 584 671 585 624 560 595 
385 398 350 368 406 438 396 441 338 317 369 412 553 392 406 434 456 384 481 512 387 401 356 380 419 461 392 371 316 538 476 329 493 432 374 409 405 425 312 396 428 435 395 275 461 474 413 429 395 423 363 536 435 453 438 375 
491 495 557 426 522 572 665 644 533 532 616 522 663 683 587 507 516 540 645 687 537 578 465 444 465 581 522 516 492 574 627 481 595 623 543 568 705 590 532 550 616 538 518 423 575 658 589 636 492 525 530 693 530 580 545 530 
483 551 473 430 543 564 531 554 425 476 566 543 660 573 580 525 527 583 590 637 540 456 462 519 493 569 583 436 456 615 575 510 549 637 530 587 517 510 423 572 485 614 482 404 534 546 505 600 512 502 423 581 534 504 470 508 
371 416 415 350 397 566 482 463 456 368 456 447 524 465 418 384 425 421 435 550 388 372 283 367 382 399 391 444 296 433 522 428 521 455 433 446 513 438 376 513 426 472 410 352 471 410 439 404 427 503 426 550 427 462 453 408 
547 543 563 423 564 697 702 717 587 485 631 496 703 665 570 560 572 565 674 768 572 609 456 535 602 648 567 566 515 632 674 559 710 701 510 609 663 591 500 648 643 605 607 511 646 668 615 670 562 575 607 754 517 641 685 569 
588 543 607 484 597 727 654 619 647 540 599 565 655 609 615 544 549 541 650 792 604 549 441 484 485 669 603 516 499 579 666 523 664 701 516 618 617 645 474 741 570 638 512 542 622 570 633 708 596 584 548 707 577 658 664 599 
576 584 539 470 580 631 592 576 473 567 595 500 669 585 619 547 626 509 672 723 566 494 461 488 471 573 537 517 442 671 661 412 689 638 511 533 607 576 534 593 617 566 519 445 562 662 617 647 516 591 573 681 570 646 615 548 
465 483 524 454 563 623 590 609 518 508 574 494 654 581 557 503 434 543 528 652 474 429 473 472 451 483 546 434 535 607 522 467 596 588 442 572 542 557 477 679 572 626 604 521 558 488 546 603 584 471 528 730 559 543 540 588 
400 421 367 383 458 452 398 491 327 415 444 385 450 376 521 376 329 396 472 563 404 388 352 382 325 433 384 347 391 477 522 329 517 517 395 336 464 476 392 430 478 429 362 318 421 545 494 482 397 433 426 528 488 505 464 454 
526 509 461 363 527 590 493 602 490 437 527 432 576 504 483 429 526 540 573 616 515 433 469 419 475 531 478 511 435 561 566 446 588 475 354 551 490 507 479 612 554 486 510 475 539 501 531 549 487 434 473 596 512 499 553 500 
494 541 531 468 600 712 620 628 609 593 606 589 796 657 574 597 624 587 710 764 583 501 495 597 556 665 617 588 524 764 604 534 736 629 523 682 670 624 570 627 653 661 678 572 656 619 543 638 541 598 547 755 576 590 638 565 
430 446 452 402 490 542 417 509 425 427 458 373 519 438 460 346 428 516 505 569 438 446 365 389 460 447 394 432 338 502 490 362 534 469 416 480 506 499 456 536 412 473 425 327 424 514 502 480 390 455 416 532 495 457 440 415 
399 385 381 335 353 495 510 525 452 398 383 444 521 449 467 457 430 481 485 560 420 341 372 375 350 459 434 379 401 498 485 478 492 489 393 501 434 494 384 509 506 466 441 369 450 435 426 552 491 454 369 542 474 519 452 380 
509 605 568 495 560 700 592 686 546 550 620 586 686 597 580 511 608 655 652 693 589 494 504 494 560 615 602 522 529 648 639 530 725 586 536 681 621 618 564 699 614 636 610 524 624 573 657 662 560 567 537 689 645 561 555 602 
448 439 550 449 470 555 559 593 477 498 466 489 678 541 543 527 601 514 646 681 536 500 424 390 433 598 487 490 387 591 608 418 584 542 496 579 650 639 514 525 571 526 465 373 561 586 572 570 430 593 494 618 470 605 524 469 
493 501 459 473 503 612 544 603 479 388 505 511 633 549 567 524 543 509 551 678 469 559 415 480 499 567 501 494 387 589 633 486 640 594 483 521 584 542 415 543 517 557 473 362 559 552 485 562 549 588 477 680 535 543 602 493 
568 543 542 471 577 668 620 642 590 568 589 550 707 639 589 509 537 625 674 709 610 546 498 464 518 518 483 540 488 674 662 516 638 634 529 583 646 638 562 686 579 552 572 469 543 623 583 645 544 577 509 745 656 674 628 473 
458 471 483 423 542 568 586 537 493 450 569 488 700 580 533 511 578 556 618 660 523 527 440 554 563 594 508 538 446 621 508 426 595 503 475 585 618 591 541 519 515 583 621 464 564 581 489 546 515 556 515 670 476 504 525 515 
437 399 428 304 430 480 515 505 427 459 466 425 538 429 459 491 522 503 581 550 448 341 385 336 401 482 417 360 308 541 501 418 552 485 386 466 416 486 410 519 485 479 487 420 467 464 519 551 421 492 435 546 451 553 474 384 
400 455 428 337 418 526 459 486 393 476 492 426 564 460 445 410 494 494 574 522 501 369 372 329 394 435 365 401 337 546 515 392 557 512 431 449 495 466 473 493 448 409 466 380 387 512 458 485 371 504 414 552 480 548 489 337 
535 546 574 525 588 668 657 659 558 545 560 591 704 572 659 536 547 563 661 810 565 556 457 520 509 642 569 522 533 658 681 507 677 635 575 638 690 701 555 681 624 619 545 494 654 641 620 684 602 590 557 736 585 674 611 611 
636 661 630 527 685 811 661 774 680 601 722 616 707 726 694 514 646 692 699 821 642 610 546 542 563 668 603 655 560 660 730 615 776 663 557 747 750 678 641 828 689 658 627 580 649 645 686 718 639 621 586 774 703 636 690 655 
436 456 451 423 565 562 416 535 388 406 533 361 587 467 497 386 412 496 491 581 454 472 406 447 500 469 412 412 426 558 461 347 559 545 386 472 480 491 439 555 443 526 508 383 433 538 501 463 439 450 485 622 486 477 505 502 
346 432 407 396 466 573 345 466 395 407 406 406 559 359 443 309 362 457 481 583 459 378 328 400 393 484 406 421 383 493 477 381 507 495 411 486 502 492 434 510 391 439 385 371 429 453 402 414 367 444 383 494 438 453 470 411 
463 437 453 454 494 539 350 602 446 450 434 398 549 520 500 468 454 566 478 606 504 422 438 450 429 464 485 483 403 588 560 410 493 517 380 508 491 578 457 535 472 591 394 296 445 548 510 447 417 494 382 540 515 463 421 476 
545 749 668 623 701 839 662 704 554 681 714 676 843 646 727 594 687 670 757 878 676 522 513 653 585 702 722 619 602 792 753 568 835 762 690 746 777 707 684 789 669 766 675 615 702 709 695 722 653 712 651 789 675 711 674 706 
487 563 613 501 539 668 628 660 562 500 592 567 810 634 502 566 633 633 677 716 624 557 490 509 606 634 619 604 500 693 661 496 621 601 542 649 668 650 586 629 528 644 607 509 645 619 569 571 575 595 549 741 508 607 584 545 
481 484 554 394 465 620 647 505 481 504 499 479 673 488 501 487 543 505 656 671 601 441 380 414 500 538 474 442 430 554 594 418 596 572 512 550 585 609 487 616 520 502 526 474 572 527 580 618 449 567 553 622 470 649 557 473 


50X50 * 50X10 Matrices dimensions: Matrix A 
1 4 4 1 6 0 9 4 5 6 0 8 5 7 7 7 2 2 8 4 3 6 4 3 8 3 1 7 3 9 7 5 2 9 9 8 8 4 3 1 3 2 0 8 3 2 4 1 1 6 
7 1 5 4 2 3 1 7 4 3 0 9 5 1 5 4 3 1 4 4 0 0 6 9 1 8 2 8 5 3 7 1 2 5 1 4 6 7 2 4 3 3 4 0 9 2 4 3 7 8 
3 4 3 5 1 1 2 9 7 1 9 3 7 2 4 1 3 4 7 2 6 7 0 2 1 1 2 3 6 3 3 3 9 2 9 0 4 1 5 7 5 8 7 2 0 4 1 3 0 4 
4 6 9 8 2 6 3 8 0 7 0 4 3 9 5 2 9 7 6 4 6 7 1 9 7 7 9 0 9 0 8 6 4 4 1 9 0 8 3 3 1 2 1 0 7 4 2 1 5 3 
7 8 9 7 6 2 1 7 3 2 2 4 0 1 2 5 2 2 4 0 8 2 5 5 7 0 2 6 8 9 7 8 9 6 0 1 0 1 8 3 1 2 8 7 2 8 8 5 2 7 
5 0 0 6 9 5 2 8 4 7 9 7 2 0 1 2 1 2 4 5 4 0 4 4 6 4 1 5 3 9 0 7 2 5 9 9 8 3 3 5 7 9 9 9 5 1 4 8 1 5 
2 5 1 6 8 6 8 9 4 2 9 0 3 3 3 8 9 2 3 2 2 0 2 3 0 0 4 6 6 8 5 7 5 0 5 5 8 4 7 0 8 6 1 6 4 3 5 5 1 9 
3 6 0 9 3 5 3 4 4 1 9 7 6 4 9 3 7 1 0 3 2 5 5 4 2 0 8 0 5 2 8 4 0 5 4 2 0 1 2 0 2 8 6 8 4 1 7 9 3 7 
4 1 8 8 3 6 3 7 2 6 5 5 7 3 2 0 4 5 6 6 1 2 6 5 4 2 0 8 6 4 7 9 5 2 9 1 6 4 1 6 3 9 5 9 1 3 3 0 3 9 
8 4 5 0 4 6 7 2 9 9 2 4 1 1 5 9 7 2 4 8 2 0 4 7 6 4 0 7 7 6 5 3 7 3 0 2 3 9 2 0 0 7 0 5 9 8 1 9 5 6 
5 5 9 2 4 3 9 6 6 7 4 8 4 2 7 6 7 1 4 3 4 6 7 4 3 2 7 1 4 2 5 7 6 7 2 9 5 3 7 3 0 2 5 7 7 4 4 1 2 7 
8 6 0 4 7 4 7 2 1 8 4 9 2 1 7 9 9 9 4 6 6 9 3 9 2 9 6 8 2 6 6 2 6 4 8 7 8 7 9 7 2 3 6 8 3 6 8 6 2 3 
8 5 4 7 8 7 3 4 5 7 3 5 1 5 9 9 0 9 5 2 7 9 1 4 6 6 5 0 2 8 5 9 2 9 2 7 2 0 3 6 7 1 5 6 2 2 0 4 1 7 
9 4 8 5 3 4 0 2 3 1 3 9 9 2 5 3 3 9 7 0 4 2 3 9 3 6 6 1 2 4 6 7 8 3 7 5 4 8 1 3 4 8 4 2 9 6 8 3 4 3 
9 2 0 2 2 3 8 9 1 3 7 7 9 6 1 6 0 7 4 7 4 3 4 9 4 9 2 5 2 9 6 1 2 8 8 7 5 0 3 6 5 2 2 5 6 2 9 1 1 8 
2 9 9 4 6 7 2 8 6 9 8 6 6 9 6 6 4 6 1 8 9 1 7 3 7 6 5 2 7 2 3 0 6 1 7 7 1 9 2 0 5 9 6 5 4 1 5 4 1 1 
0 4 5 4 7 8 8 2 6 9 3 7 4 5 6 6 3 4 1 5 9 9 9 3 7 4 1 3 9 8 5 2 8 4 7 5 4 6 3 4 2 5 4 3 4 0 8 4 0 3 
7 6 2 8 4 6 0 7 8 6 6 0 6 5 7 9 3 5 0 6 7 1 9 0 7 1 7 2 6 5 0 2 2 1 8 6 6 1 2 9 9 8 4 6 3 8 9 8 2 6 
0 9 6 5 9 5 2 5 6 9 8 4 1 6 5 0 3 0 8 0 4 7 5 3 3 2 1 9 8 9 7 8 2 3 0 6 5 8 1 4 3 2 9 6 8 7 4 2 4 8 
8 1 1 7 9 2 5 8 3 1 5 7 5 0 2 0 0 1 3 2 0 6 1 6 5 4 6 0 0 0 2 9 7 7 6 2 2 1 2 4 1 4 5 8 4 4 3 8 7 6 
5 0 7 1 9 1 6 7 2 2 1 6 2 1 0 4 6 0 9 6 3 2 8 6 5 6 6 0 9 4 8 3 4 0 5 0 7 2 4 3 3 3 7 8 5 5 0 5 0 0 
2 9 3 9 7 8 5 0 2 1 2 0 2 2 7 0 9 8 1 0 8 5 9 2 8 1 2 4 4 4 9 6 5 4 8 0 0 4 1 9 7 7 7 0 7 9 4 5 4 5 
6 9 3 8 3 8 5 1 9 3 0 0 3 5 6 1 9 7 5 0 3 7 2 1 0 9 7 8 5 7 4 6 1 0 5 5 0 2 3 6 8 8 9 7 7 2 9 6 1 0 
3 1 5 9 3 8 0 5 5 5 5 0 4 1 2 6 7 4 1 1 0 6 3 2 2 4 0 2 5 6 0 8 5 1 7 9 6 2 1 7 3 0 7 1 7 7 2 0 5 8 
2 5 0 2 9 8 7 7 5 1 1 3 4 2 9 5 2 4 0 9 4 2 0 4 1 0 9 5 9 9 9 7 7 2 8 4 6 6 7 9 9 7 7 7 9 7 0 6 8 2 
4 2 3 6 6 5 7 3 6 7 0 4 8 3 0 7 6 4 0 1 5 8 2 0 5 1 0 8 5 6 8 5 3 0 1 9 1 3 5 6 9 9 0 0 2 7 6 5 1 8 
8 9 0 7 3 5 4 5 9 1 5 2 6 4 0 6 7 4 7 7 5 8 6 2 2 6 9 1 7 5 7 3 8 1 3 8 5 7 8 3 5 6 6 4 0 2 0 6 7 6 
7 9 5 3 5 6 3 3 2 9 2 9 6 6 6 6 7 7 6 3 4 7 6 2 1 5 8 5 2 7 9 8 0 5 3 2 5 2 4 4 3 3 2 6 1 5 4 9 2 8 
4 3 1 1 8 8 8 7 2 4 2 9 5 6 0 8 9 3 8 2 6 5 8 4 8 4 5 0 6 4 9 0 8 0 3 0 6 9 5 4 3 8 0 4 9 8 2 9 1 5 
1 4 2 4 5 6 4 9 9 8 4 3 5 2 7 7 1 6 3 8 8 5 1 6 2 5 9 1 6 9 7 3 6 2 2 8 8 4 8 1 7 1 8 6 5 7 6 2 9 3 
2 4 6 5 2 7 3 0 2 3 7 1 2 7 8 1 0 9 2 1 3 9 3 7 5 1 0 6 6 9 8 4 5 0 3 7 3 1 2 0 7 5 6 1 5 7 1 7 8 9 
3 7 8 1 2 3 6 0 4 0 0 8 5 8 5 1 1 8 5 0 4 8 0 1 6 2 5 8 0 5 8 3 7 1 8 8 1 9 5 4 1 1 1 3 2 9 4 9 9 6 
3 5 5 5 6 8 7 9 9 6 3 6 5 8 8 2 8 7 9 5 8 3 7 8 7 2 7 7 6 8 8 6 9 8 4 9 5 4 6 6 9 6 9 3 4 4 2 4 7 5 
6 8 1 3 3 5 2 2 6 6 7 8 7 3 7 1 5 0 8 1 0 4 6 6 7 0 1 5 2 9 9 0 5 9 2 0 2 2 8 4 4 8 6 2 1 3 4 1 9 4 
8 0 0 2 0 9 2 9 0 1 1 0 7 1 6 9 1 3 9 3 6 7 9 8 7 8 1 9 1 0 7 7 4 8 4 7 9 1 7 3 2 1 6 4 5 5 1 3 6 5 
5 9 1 4 6 3 0 8 8 2 9 7 2 8 3 8 5 3 3 6 2 2 0 8 3 7 0 4 0 0 8 6 7 3 8 6 2 7 0 1 3 2 9 8 7 3 8 1 7 0 
1 6 2 3 1 4 8 9 2 3 1 5 0 7 4 2 7 6 0 9 4 7 2 6 5 0 0 9 8 4 2 1 4 1 5 6 7 5 5 6 5 0 2 6 6 5 4 5 9 5 
7 7 9 0 1 0 2 7 3 3 5 5 3 8 3 2 2 5 3 8 5 1 1 0 5 4 2 4 0 0 5 5 1 7 4 4 6 5 0 2 4 9 5 6 6 9 5 0 6 4 
4 8 3 2 3 8 8 9 5 4 7 7 2 1 8 0 3 3 4 7 6 7 0 5 2 8 8 3 5 0 4 5 5 7 6 2 8 0 8 8 0 4 9 5 8 1 1 0 6 9 
2 8 2 5 0 9 2 5 4 7 3 0 9 7 7 9 5 5 1 5 9 6 6 8 0 5 0 9 1 2 2 9 4 6 7 5 7 0 6 8 3 7 5 9 7 8 2 6 8 4 
9 5 3 7 2 0 8 0 6 4 6 1 0 6 6 8 2 1 8 7 1 6 2 7 3 1 9 6 1 3 7 3 8 3 8 3 8 5 4 7 7 2 6 1 0 6 2 6 4 8 
3 1 6 3 9 9 7 1 7 8 1 0 7 2 8 9 4 4 1 3 1 9 4 9 1 5 0 2 1 8 0 9 0 8 6 3 3 6 5 9 2 0 8 9 5 3 6 6 1 7 
2 3 0 0 8 9 9 2 0 7 7 5 8 1 4 0 9 8 6 0 0 2 6 3 4 6 3 3 9 3 2 4 7 0 2 6 4 8 7 5 2 1 9 2 4 1 1 6 9 2 
2 1 1 7 1 3 3 0 6 9 7 7 9 7 3 5 3 1 9 2 0 7 5 9 9 3 7 8 9 8 4 4 7 9 0 6 4 9 4 2 8 1 9 3 4 1 6 9 6 5 
4 7 4 0 5 9 2 9 4 1 0 4 9 8 8 6 1 8 9 3 5 9 4 7 5 2 5 1 5 2 7 4 3 4 3 9 2 6 2 5 8 9 4 3 8 6 2 8 4 6 
0 7 2 5 8 1 2 6 9 3 2 9 9 5 3 5 1 5 4 3 6 9 1 4 1 5 2 5 1 9 2 8 4 2 6 9 2 2 8 3 8 0 1 9 2 9 5 5 3 0 
4 0 8 7 6 4 4 0 9 2 9 0 5 3 1 6 3 0 8 2 5 9 1 7 0 8 2 6 9 4 5 1 5 2 6 5 4 8 9 8 0 2 0 1 1 6 7 6 9 0 
5 4 6 2 3 0 5 2 8 5 9 8 6 6 0 4 6 1 3 2 3 4 9 0 8 3 4 6 7 8 8 8 3 0 5 9 0 8 0 6 8 7 6 2 2 4 4 5 0 5 
4 4 1 4 0 1 8 4 0 3 3 8 6 2 2 8 4 5 0 3 1 9 1 8 1 7 3 8 6 3 5 2 6 3 4 7 3 4 2 8 0 1 7 0 3 0 9 8 3 4 
3 6 8 6 9 8 2 1 5 8 9 3 3 3 8 1 3 7 8 9 6 3 9 9 9 2 4 7 9 7 0 5 7 0 9 3 6 8 2 7 1 8 1 2 1 8 0 6 8 7 

Matrix B 
0 7 7 7 3 8 9 8 0 7 
3 5 0 4 9 0 3 5 3 8 
9 0 7 1 4 1 8 0 2 2 
1 2 3 1 6 9 6 5 7 1 
2 4 5 5 3 7 8 1 4 2 
1 4 5 9 4 5 5 6 8 3 
9 1 6 1 6 7 5 2 8 8 
0 5 4 6 3 3 1 5 9 1 
9 1 0 3 7 5 0 1 1 1 
9 4 6 7 9 0 0 4 5 1 
4 0 0 4 8 1 1 7 9 1 
1 6 7 2 9 5 9 0 0 0 
2 7 6 3 1 9 9 9 4 7 
0 1 7 9 6 1 1 2 7 6 
1 1 2 8 2 9 9 1 6 9 
3 2 0 8 7 0 7 5 2 7 
7 2 9 6 0 2 6 9 6 3 
9 9 6 9 5 6 2 1 9 4 
5 4 7 6 0 6 0 7 5 0 
7 5 9 6 0 7 9 2 1 0 
1 4 7 2 8 9 8 9 9 9 
3 7 1 1 0 9 5 2 9 3 
7 0 9 1 4 8 9 2 3 1 
7 5 9 9 5 1 2 8 4 2 
8 5 6 2 6 7 6 5 3 0 
9 1 2 0 1 2 1 3 5 0 
6 6 0 2 4 2 5 6 8 8 
3 9 0 0 0 5 8 1 8 7 
1 6 1 0 9 5 8 5 4 7 
6 0 0 6 0 1 2 7 0 9 
7 7 9 1 6 7 8 6 3 0 
5 8 3 8 0 4 9 5 7 7 
7 3 2 9 9 6 6 8 8 4 
1 9 1 0 1 2 8 2 2 0 
2 1 9 6 0 0 2 8 6 0 
8 6 5 5 6 8 2 4 1 8 
4 7 3 9 3 6 4 3 2 7 
7 2 5 6 3 5 0 0 2 9 
7 1 4 7 1 9 1 1 8 8 
2 0 4 8 8 9 2 7 8 7 
9 7 1 2 7 0 3 7 5 6 
7 8 0 7 9 6 5 8 7 5 
1 2 9 4 2 0 4 5 5 4 
1 3 3 2 8 7 8 5 4 7 
2 2 8 2 3 1 2 9 3 7 
4 2 1 4 6 6 4 9 9 3 
0 2 6 6 3 1 4 3 3 8 
6 1 0 6 8 6 7 3 5 6 
6 5 0 8 4 7 8 1 2 8 
8 0 0 0 8 4 4 2 2 8 

Result Matrix C 
1017 880 941 943 923 1040 1102 891 940 999 
893 772 860 843 830 900 987 822 772 875 
773 702 691 866 868 900 825 964 1063 790 
1080 936 1073 1041 1023 1063 1071 1042 1152 995 
900 798 845 921 1050 1021 1184 1012 1038 1034 
982 872 920 1065 1041 1021 1051 1076 1046 982 
1003 780 765 1042 1003 943 1007 1044 1104 1123 
777 739 775 837 978 937 1103 930 974 919 
1004 892 999 1011 989 1073 1149 1038 1101 911 
1155 804 879 1057 1087 1033 1134 992 937 1030 
1086 850 1018 1005 1067 1111 1197 1002 1076 1089 
1248 1063 1189 1349 1189 1326 1324 1230 1365 1308 
1025 937 878 1074 1075 1110 1154 1013 1123 1057 
1043 942 1046 1127 1020 1053 1128 1149 1060 1060 
983 907 1037 1025 979 1018 1056 1097 1043 1022 
1132 890 1102 1139 1252 1057 1164 1093 1190 1063 
1084 842 1050 1055 1143 1145 1195 1010 1138 1068 
1029 854 907 1177 1246 1155 1192 1205 1203 1202 
1029 859 915 993 1092 1045 1082 1025 1127 1117 
768 762 731 852 846 964 1014 872 937 782 
906 704 973 826 844 924 1021 946 898 751 
1005 818 967 979 1043 1108 1164 1124 1222 1024 
1004 859 889 1011 963 1011 1036 1089 1190 1154 
850 645 749 923 804 844 847 937 935 865 
1110 1005 956 1260 1147 1241 1285 1211 1276 1337 
1043 857 777 894 1039 1082 1042 969 1041 1047 
1194 945 913 1121 1128 1243 1152 1133 1168 1163 
1082 962 964 1095 1073 1119 1259 1039 1145 1124 
1121 861 1073 1117 1189 1185 1157 1179 1189 1057 
1184 969 969 1214 1141 1171 1149 1129 1208 1230 
1034 804 766 969 1005 992 1009 931 1058 1021 
1033 797 830 971 966 1096 1030 839 1037 1084 
1441 1206 1294 1426 1367 1445 1457 1379 1502 1367 
947 833 834 978 944 1009 1045 970 939 893 
938 958 962 1040 810 1168 1152 1044 1100 980 
894 837 993 1103 1000 870 1007 1019 1001 907 
952 822 887 1016 974 1037 1017 882 1062 1076 
864 830 844 892 900 856 979 875 899 880 
993 903 952 1048 1030 1112 1113 1039 1221 1062 
1052 986 987 1279 1125 1209 1266 1225 1342 1253 
1092 807 859 1085 1030 1045 1050 1024 1093 1055 
1006 743 951 1108 895 1033 1099 955 1067 1101 
1025 768 920 1038 913 1037 975 910 1068 1004 
1185 990 957 1082 1134 1112 1183 1093 1123 1149 
1097 1044 1019 1198 1153 1218 1180 1164 1223 1188 
958 858 803 998 956 1071 1022 966 1080 1038 
1004 711 804 999 926 1104 972 946 1080 985 
1136 823 934 909 1112 1011 1093 1046 1018 1025 
847 765 807 882 880 896 960 843 945 958 
1293 942 1051 1305 1237 1314 1288 1171 1302 1141 


